=== depth=2 seed=2000 (a=46, b=39) ===
--- prompt ---
Input:
4 6 + 3 9
--- gold completion (format_cot) ---
<scratch>
4 6 + 3 9 ,  C: 0
4 + 3 , 5 C: 1
, 8 5 C: 0
0 8 5
</scratch>
8 5
Answer: 85

=== depth=2 seed=2001 (a=92, b=68) ===
--- prompt ---
Input:
9 2 + 6 8
--- gold completion (format_cot) ---
<scratch>
9 2 + 6 8 ,  C: 0
9 + 6 , 0 C: 1
, 6 0 C: 1
1 6 0
</scratch>
1 6 0
Answer: 160

=== depth=2 seed=2002 (a=78, b=94) ===
--- prompt ---
Input:
7 8 + 9 4
--- gold completion (format_cot) ---
<scratch>
7 8 + 9 4 ,  C: 0
7 + 9 , 2 C: 1
, 7 2 C: 1
1 7 2
</scratch>
1 7 2
Answer: 172

=== depth=24 seed=24000 (a=370571900519849420494964, b=872829459848899547807981) ===
--- prompt ---
Input:
3 7 0 5 7 1 9 0 0 5 1 9 8 4 9 4 2 0 4 9 4 9 6 4 + 8 7 2 8 2 9 4 5 9 8 4 8 8 9 9 5 4 7 8 0 7 9 8 1
--- gold completion (format_cot) ---
<scratch>
3 7 0 5 7 1 9 0 0 5 1 9 8 4 9 4 2 0 4 9 4 9 6 4 + 8 7 2 8 2 9 4 5 9 8 4 8 8 9 9 5 4 7 8 0 7 9 8 1 ,  C: 0
3 7 0 5 7 1 9 0 0 5 1 9 8 4 9 4 2 0 4 9 4 9 6 + 8 7 2 8 2 9 4 5 9 8 4 8 8 9 9 5 4 7 8 0 7 9 8 , 5 C: 0
3 7 0 5 7 1 9 0 0 5 1 9 8 4 9 4 2 0 4 9 4 9 + 8 7 2 8 2 9 4 5 9 8 4 8 8 9 9 5 4 7 8 0 7 9 , 4 5 C: 1
3 7 0 5 7 1 9 0 0 5 1 9 8 4 9 4 2 0 4 9 4 + 8 7 2 8 2 9 4 5 9 8 4 8 8 9 9 5 4 7 8 0 7 , 9 4 5 C: 1
3 7 0 5 7 1 9 0 0 5 1 9 8 4 9 4 2 0 4 9 + 8 7 2 8 2 9 4 5 9 8 4 8 8 9 9 5 4 7 8 0 , 2 9 4 5 C: 1
3 7 0 5 7 1 9 0 0 5 1 9 8 4 9 4 2 0 4 + 8 7 2 8 2 9 4 5 9 8 4 8 8 9 9 5 4 7 8 , 0 2 9 4 5 C: 1
3 7 0 5 7 1 9 0 0 5 1 9 8 4 9 4 2 0 + 8 7 2 8 2 9 4 5 9 8 4 8 8 9 9 5 4 7 , 3 0 2 9 4 5 C: 1
3 7 0 5 7 1 9 0 0 5 1 9 8 4 9 4 2 + 8 7 2 8 2 9 4 5 9 8 4 8 8 9 9 5 4 , 8 3 0 2 9 4 5 C: 0
3 7 0 5 7 1 9 0 0 5 1 9 8 4 9 4 + 8 7 2 8 2 9 4 5 9 8 4 8 8 9 9 5 , 6 8 3 0 2 9 4 5 C: 0
3 7 0 5 7 1 9 0 0 5 1 9 8 4 9 + 8 7 2 8 2 9 4 5 9 8 4 8 8 9 9 , 9 6 8 3 0 2 9 4 5 C: 0
3 7 0 5 7 1 9 0 0 5 1 9 8 4 + 8 7 2 8 2 9 4 5 9 8 4 8 8 9 , 8 9 6 8 3 0 2 9 4 5 C: 1
3 7 0 5 7 1 9 0 0 5 1 9 8 + 8 7 2 8 2 9 4 5 9 8 4 8 8 , 4 8 9 6 8 3 0 2 9 4 5 C: 1
3 7 0 5 7 1 9 0 0 5 1 9 + 8 7 2 8 2 9 4 5 9 8 4 8 , 7 4 8 9 6 8 3 0 2 9 4 5 C: 1
3 7 0 5 7 1 9 0 0 5 1 + 8 7 2 8 2 9 4 5 9 8 4 , 8 7 4 8 9 6 8 3 0 2 9 4 5 C: 1
3 7 0 5 7 1 9 0 0 5 + 8 7 2 8 2 9 4 5 9 8 , 6 8 7 4 8 9 6 8 3 0 2 9 4 5 C: 0
3 7 0 5 7 1 9 0 0 + 8 7 2 8 2 9 4 5 9 , 3 6 8 7 4 8 9 6 8 3 0 2 9 4 5 C: 1
3 7 0 5 7 1 9 0 + 8 7 2 8 2 9 4 5 , 0 3 6 8 7 4 8 9 6 8 3 0 2 9 4 5 C: 1
3 7 0 5 7 1 9 + 8 7 2 8 2 9 4 , 6 0 3 6 8 7 4 8 9 6 8 3 0 2 9 4 5 C: 0
3 7 0 5 7 1 + 8 7 2 8 2 9 , 3 6 0 3 6 8 7 4 8 9 6 8 3 0 2 9 4 5 C: 1
3 7 0 5 7 + 8 7 2 8 2 , 1 3 6 0 3 6 8 7 4 8 9 6 8 3 0 2 9 4 5 C: 1
3 7 0 5 + 8 7 2 8 , 0 1 3 6 0 3 6 8 7 4 8 9 6 8 3 0 2 9 4 5 C: 1
3 7 0 + 8 7 2 , 4 0 1 3 6 0 3 6 8 7 4 8 9 6 8 3 0 2 9 4 5 C: 1
3 7 + 8 7 , 3 4 0 1 3 6 0 3 6 8 7 4 8 9 6 8 3 0 2 9 4 5 C: 0
3 + 8 , 4 3 4 0 1 3 6 0 3 6 8 7 4 8 9 6 8 3 0 2 9 4 5 C: 1
, 2 4 3 4 0 1 3 6 0 3 6 8 7 4 8 9 6 8 3 0 2 9 4 5 C: 1
1 2 4 3 4 0 1 3 6 0 3 6 8 7 4 8 9 6 8 3 0 2 9 4 5
</scratch>
1 2 4 3 4 0 1 3 6 0 3 6 8 7 4 8 9 6 8 3 0 2 9 4 5
Answer: 1243401360368748968302945

=== depth=24 seed=24001 (a=739097044338194889687038, b=589369223939431794845936) ===
--- prompt ---
Input:
7 3 9 0 9 7 0 4 4 3 3 8 1 9 4 8 8 9 6 8 7 0 3 8 + 5 8 9 3 6 9 2 2 3 9 3 9 4 3 1 7 9 4 8 4 5 9 3 6
--- gold completion (format_cot) ---
<scratch>
7 3 9 0 9 7 0 4 4 3 3 8 1 9 4 8 8 9 6 8 7 0 3 8 + 5 8 9 3 6 9 2 2 3 9 3 9 4 3 1 7 9 4 8 4 5 9 3 6 ,  C: 0
7 3 9 0 9 7 0 4 4 3 3 8 1 9 4 8 8 9 6 8 7 0 3 + 5 8 9 3 6 9 2 2 3 9 3 9 4 3 1 7 9 4 8 4 5 9 3 , 4 C: 1
7 3 9 0 9 7 0 4 4 3 3 8 1 9 4 8 8 9 6 8 7 0 + 5 8 9 3 6 9 2 2 3 9 3 9 4 3 1 7 9 4 8 4 5 9 , 7 4 C: 0
7 3 9 0 9 7 0 4 4 3 3 8 1 9 4 8 8 9 6 8 7 + 5 8 9 3 6 9 2 2 3 9 3 9 4 3 1 7 9 4 8 4 5 , 9 7 4 C: 0
7 3 9 0 9 7 0 4 4 3 3 8 1 9 4 8 8 9 6 8 + 5 8 9 3 6 9 2 2 3 9 3 9 4 3 1 7 9 4 8 4 , 2 9 7 4 C: 1
7 3 9 0 9 7 0 4 4 3 3 8 1 9 4 8 8 9 6 + 5 8 9 3 6 9 2 2 3 9 3 9 4 3 1 7 9 4 8 , 3 2 9 7 4 C: 1
7 3 9 0 9 7 0 4 4 3 3 8 1 9 4 8 8 9 + 5 8 9 3 6 9 2 2 3 9 3 9 4 3 1 7 9 4 , 5 3 2 9 7 4 C: 1
7 3 9 0 9 7 0 4 4 3 3 8 1 9 4 8 8 + 5 8 9 3 6 9 2 2 3 9 3 9 4 3 1 7 9 , 4 5 3 2 9 7 4 C: 1
7 3 9 0 9 7 0 4 4 3 3 8 1 9 4 8 + 5 8 9 3 6 9 2 2 3 9 3 9 4 3 1 7 , 8 4 5 3 2 9 7 4 C: 1
7 3 9 0 9 7 0 4 4 3 3 8 1 9 4 + 5 8 9 3 6 9 2 2 3 9 3 9 4 3 1 , 6 8 4 5 3 2 9 7 4 C: 1
7 3 9 0 9 7 0 4 4 3 3 8 1 9 + 5 8 9 3 6 9 2 2 3 9 3 9 4 3 , 6 6 8 4 5 3 2 9 7 4 C: 0
7 3 9 0 9 7 0 4 4 3 3 8 1 + 5 8 9 3 6 9 2 2 3 9 3 9 4 , 2 6 6 8 4 5 3 2 9 7 4 C: 1
7 3 9 0 9 7 0 4 4 3 3 8 + 5 8 9 3 6 9 2 2 3 9 3 9 , 6 2 6 6 8 4 5 3 2 9 7 4 C: 0
7 3 9 0 9 7 0 4 4 3 3 + 5 8 9 3 6 9 2 2 3 9 3 , 7 6 2 6 6 8 4 5 3 2 9 7 4 C: 1
7 3 9 0 9 7 0 4 4 3 + 5 8 9 3 6 9 2 2 3 9 , 7 7 6 2 6 6 8 4 5 3 2 9 7 4 C: 0
7 3 9 0 9 7 0 4 4 + 5 8 9 3 6 9 2 2 3 , 2 7 7 6 2 6 6 8 4 5 3 2 9 7 4 C: 1
7 3 9 0 9 7 0 4 + 5 8 9 3 6 9 2 2 , 8 2 7 7 6 2 6 6 8 4 5 3 2 9 7 4 C: 0
7 3 9 0 9 7 0 + 5 8 9 3 6 9 2 , 6 8 2 7 7 6 2 6 6 8 4 5 3 2 9 7 4 C: 0
7 3 9 0 9 7 + 5 8 9 3 6 9 , 2 6 8 2 7 7 6 2 6 6 8 4 5 3 2 9 7 4 C: 0
7 3 9 0 9 + 5 8 9 3 6 , 6 2 6 8 2 7 7 6 2 6 6 8 4 5 3 2 9 7 4 C: 1
7 3 9 0 + 5 8 9 3 , 6 6 2 6 8 2 7 7 6 2 6 6 8 4 5 3 2 9 7 4 C: 1
7 3 9 + 5 8 9 , 4 6 6 2 6 8 2 7 7 6 2 6 6 8 4 5 3 2 9 7 4 C: 0
7 3 + 5 8 , 8 4 6 6 2 6 8 2 7 7 6 2 6 6 8 4 5 3 2 9 7 4 C: 1
7 + 5 , 2 8 4 6 6 2 6 8 2 7 7 6 2 6 6 8 4 5 3 2 9 7 4 C: 1
, 3 2 8 4 6 6 2 6 8 2 7 7 6 2 6 6 8 4 5 3 2 9 7 4 C: 1
1 3 2 8 4 6 6 2 6 8 2 7 7 6 2 6 6 8 4 5 3 2 9 7 4
</scratch>
1 3 2 8 4 6 6 2 6 8 2 7 7 6 2 6 6 8 4 5 3 2 9 7 4
Answer: 1328466268277626684532974

=== depth=24 seed=24002 (a=603304415031618796683444, b=929818493117476528004912) ===
--- prompt ---
Input:
6 0 3 3 0 4 4 1 5 0 3 1 6 1 8 7 9 6 6 8 3 4 4 4 + 9 2 9 8 1 8 4 9 3 1 1 7 4 7 6 5 2 8 0 0 4 9 1 2
--- gold completion (format_cot) ---
<scratch>
6 0 3 3 0 4 4 1 5 0 3 1 6 1 8 7 9 6 6 8 3 4 4 4 + 9 2 9 8 1 8 4 9 3 1 1 7 4 7 6 5 2 8 0 0 4 9 1 2 ,  C: 0
6 0 3 3 0 4 4 1 5 0 3 1 6 1 8 7 9 6 6 8 3 4 4 + 9 2 9 8 1 8 4 9 3 1 1 7 4 7 6 5 2 8 0 0 4 9 1 , 6 C: 0
6 0 3 3 0 4 4 1 5 0 3 1 6 1 8 7 9 6 6 8 3 4 + 9 2 9 8 1 8 4 9 3 1 1 7 4 7 6 5 2 8 0 0 4 9 , 5 6 C: 0
6 0 3 3 0 4 4 1 5 0 3 1 6 1 8 7 9 6 6 8 3 + 9 2 9 8 1 8 4 9 3 1 1 7 4 7 6 5 2 8 0 0 4 , 3 5 6 C: 1
6 0 3 3 0 4 4 1 5 0 3 1 6 1 8 7 9 6 6 8 + 9 2 9 8 1 8 4 9 3 1 1 7 4 7 6 5 2 8 0 0 , 8 3 5 6 C: 0
6 0 3 3 0 4 4 1 5 0 3 1 6 1 8 7 9 6 6 + 9 2 9 8 1 8 4 9 3 1 1 7 4 7 6 5 2 8 0 , 8 8 3 5 6 C: 0
6 0 3 3 0 4 4 1 5 0 3 1 6 1 8 7 9 6 + 9 2 9 8 1 8 4 9 3 1 1 7 4 7 6 5 2 8 , 6 8 8 3 5 6 C: 0
6 0 3 3 0 4 4 1 5 0 3 1 6 1 8 7 9 + 9 2 9 8 1 8 4 9 3 1 1 7 4 7 6 5 2 , 4 6 8 8 3 5 6 C: 1
6 0 3 3 0 4 4 1 5 0 3 1 6 1 8 7 + 9 2 9 8 1 8 4 9 3 1 1 7 4 7 6 5 , 2 4 6 8 8 3 5 6 C: 1
6 0 3 3 0 4 4 1 5 0 3 1 6 1 8 + 9 2 9 8 1 8 4 9 3 1 1 7 4 7 6 , 3 2 4 6 8 8 3 5 6 C: 1
6 0 3 3 0 4 4 1 5 0 3 1 6 1 + 9 2 9 8 1 8 4 9 3 1 1 7 4 7 , 5 3 2 4 6 8 8 3 5 6 C: 1
6 0 3 3 0 4 4 1 5 0 3 1 6 + 9 2 9 8 1 8 4 9 3 1 1 7 4 , 9 5 3 2 4 6 8 8 3 5 6 C: 0
6 0 3 3 0 4 4 1 5 0 3 1 + 9 2 9 8 1 8 4 9 3 1 1 7 , 0 9 5 3 2 4 6 8 8 3 5 6 C: 1
6 0 3 3 0 4 4 1 5 0 3 + 9 2 9 8 1 8 4 9 3 1 1 , 9 0 9 5 3 2 4 6 8 8 3 5 6 C: 0
6 0 3 3 0 4 4 1 5 0 + 9 2 9 8 1 8 4 9 3 1 , 4 9 0 9 5 3 2 4 6 8 8 3 5 6 C: 0
6 0 3 3 0 4 4 1 5 + 9 2 9 8 1 8 4 9 3 , 1 4 9 0 9 5 3 2 4 6 8 8 3 5 6 C: 0
6 0 3 3 0 4 4 1 + 9 2 9 8 1 8 4 9 , 8 1 4 9 0 9 5 3 2 4 6 8 8 3 5 6 C: 0
6 0 3 3 0 4 4 + 9 2 9 8 1 8 4 , 0 8 1 4 9 0 9 5 3 2 4 6 8 8 3 5 6 C: 1
6 0 3 3 0 4 + 9 2 9 8 1 8 , 9 0 8 1 4 9 0 9 5 3 2 4 6 8 8 3 5 6 C: 0
6 0 3 3 0 + 9 2 9 8 1 , 2 9 0 8 1 4 9 0 9 5 3 2 4 6 8 8 3 5 6 C: 1
6 0 3 3 + 9 2 9 8 , 2 2 9 0 8 1 4 9 0 9 5 3 2 4 6 8 8 3 5 6 C: 0
6 0 3 + 9 2 9 , 1 2 2 9 0 8 1 4 9 0 9 5 3 2 4 6 8 8 3 5 6 C: 1
6 0 + 9 2 , 3 1 2 2 9 0 8 1 4 9 0 9 5 3 2 4 6 8 8 3 5 6 C: 1
6 + 9 , 3 3 1 2 2 9 0 8 1 4 9 0 9 5 3 2 4 6 8 8 3 5 6 C: 0
, 5 3 3 1 2 2 9 0 8 1 4 9 0 9 5 3 2 4 6 8 8 3 5 6 C: 1
1 5 3 3 1 2 2 9 0 8 1 4 9 0 9 5 3 2 4 6 8 8 3 5 6
</scratch>
1 5 3 3 1 2 2 9 0 8 1 4 9 0 9 5 3 2 4 6 8 8 3 5 6
Answer: 1533122908149095324688356

=== format=published depth=6 seed=6000 (a=809254, b=757252) ===
--- prompt ---
Input:
8 0 9 2 5 4 + 7 5 7 2 5 2
--- gold completion (format_cot) ---
<scratch>
8 0 9 2 5 4 + 7 5 7 2 5 2 ,  C: 0
8 0 9 2 5 + 7 5 7 2 5 , 6 C: 0
8 0 9 2 + 7 5 7 2 , 0 6 C: 1
8 0 9 + 7 5 7 , 5 0 6 C: 0
8 0 + 7 5 , 6 5 0 6 C: 1
8 + 7 , 6 6 5 0 6 C: 0
, 5 6 6 5 0 6 C: 1
1 5 6 6 5 0 6
</scratch>
1 5 6 6 5 0 6
Answer: 1566506

=== format=ergonomic depth=6 seed=6000 (a=809254, b=757252) ===
--- prompt ---
What is 809254 + 757252?
--- gold completion (format_cot) ---
ones: 4 + 2 + 0 = 6 -> write 6, carry 0
tens: 5 + 5 + 0 = 10 -> write 0, carry 1
hundreds: 2 + 2 + 1 = 5 -> write 5, carry 0
thousands: 9 + 7 + 0 = 16 -> write 6, carry 1
column 5: 0 + 5 + 1 = 6 -> write 6, carry 0
column 6: 8 + 7 + 0 = 15 -> write 5, carry 1
carry out: 1
sum: 1566506
Answer: 1566506

